CeilingDrips: 0
RainIntensity: 0
RumbleIntensity: 0.05434782
Clouds: 0
Effects: SkyAndLightBloom-0.3152174-16-16, DayNight-0.9891304-314-30, ElectricDeath-0.02319966-286.8365-108.2604, 
PlacedObjects: LightSource><659.3548><327.9203><0.1304348~Environment~-168~204~50~86.60254~1~1~None~0~0, DayNightSettings><369.7383><309.9496><5~8.660254~3~46, 
AmbientSounds: SPOT><SO_IND-Generator.ogg><734.9121><223.6329><0.4891304><0.6086956><639.9121><221.6329><-57.35529><0.6446533><0><0.2956523, SPOT><SO_IND-HeatDuct.ogg><463.6722><211.1483><0.3695652><0.8043478><469.6722><382.1483><-25.35535><-29.35535><0><0.1, SPOT><Basic Mech.wav><404.1442><476.6697><0.2065217><1><46.1442><189.6697><198.6447><-13.35535><0><0.8826088, SPOT><SO_IND-HVAC.ogg><746.55><89.2522><0.423913><0.6478261><801.55><37.2522><-120.3553><-34.35535><0><0.154348, 
FadePalette: 3, 0.6739131
