Template: NONE
RainIntensity: 0.8586956
RumbleIntensity: 0.6304348
WaveSpeed: 0.5543478
WaveLength: 0.4347826
WaveAmplitude: 0
SecondWaveLength: 0.5434783
SecondWaveAmplitude: 0.1086956
Clouds: 0.4021739
Grime: 0.1086956
Palette: 105
EffectColorA: 6
EffectColorB: 6
Effects: Fog-0.1086956-327-15, Flies-0.04347826-19-78, RockFlea-0.1195652-20-20, 
PlacedObjects: CustomDecal><1546.574><250.3456><-9~674~1328~680~1316~-6~-278~115~0.3043478~0.6521739~0.173913~zGWMarks - C05b~1~0.1956522~0~0.3586957~0.5~0.1956522~0.9673913~0.04347826, CustomDecal><1809.449><294.9788><0~51~50~64~57~16~-677~-261~0.3152174~1~0.2717391~ScavMark Arrow~0.6521739~0.3152174~0.5~0.3152174~0.7065217~0.3152174~0.5~0.3152174, CustomDecal><2194.497><350.95><-6~85~583~146~593~55~-1183~14~0.1630435~1~0~Scav Wedges2~0.9891304~0.1521739~0.5434783~0.3478261~0.3043478~0.05434782~0~0.05434782, CustomDecal><2545.062><515.1834><265~83~313~-216~54~-233~-297~16~0.2934783~1~0.1630435~ScavMark BigSun~1~0.1847826~1~0.3043478~1~0.1086956~1~0.3369565, CustomDecal><473.8654><445.6021><-7~62~36~78~67~34~-518~-113~0.1413043~1~0.2717391~ScavMark Arrow~0.326087~0.4347826~0.5~0.3152174~0.6630435~0.25~0.3478261~0.3152174, LightSource><1779.84><382.5714><0.0326087~Environment~-506~353~-308~-251.3975~1~1, LanternOnStick><2680.31><493.9408><95~-141, CustomDecal><1767.952><477.9442><-1~53~186~41~190~-5~-939~-174~0~1~0.2173913~ScavMark_TM1~0.1956522~0.2934783~0.5~0.2934783~0.7717391~0.2934783~0.3804348~0.2934783, DangleFruit><1729.015><465.5506><-135~159~2~3, DangleFruit><1819.507><403.1999><-223~126~2~3, 
AmbientSounds: OMNI><Deep Weird Wind.wav><742.3224><419.3136><0.06521739><0.4326087, OMNI><SO_WAT-LilDrips.ogg><749.6999><322.7567><0.1195652><1, OMNI><AM_ENV-Outside.ogg><741.9398><495.3129><0.2065217><0.9804348, OMNI><AM_SUB-CaveTone.ogg><710.1996><253.0114><0.25><1, SPOT><AM_ENV-Pasture.ogg><390.9467><417.9635><0.4347827><1><1829.947><701.9635><-248.3553><35.64465><0><0.9478269, SPOT><AM_ENV-NatWind.ogg><415.9777><265.5513><0.1086957><1><1913.978><342.5513><-1235.355><-178.3553><0><0.5891311, 
FadePalette: 8, 0.4565217, 0.3586957, 0.4021739
