TM_F00
48*37
3.9869*7.2618|0|0
-220,-30
Border: Solid




0

1|1,4,3|1|1|1|1|1|1|1|1|1|1|1|1|1|1|1|1|1|1|1|1|1|1|1|1|1|1|1|1|1|1|1|1|1|1|1|1|1,3|1|1|1|1|1|1|1|1|1|1|1|1|1|1|1|1|1|1|1|1|1|1|1|1|1|1|1|1|1|1|1|1|1|1|1|1|1,3|1|1|1|1|1|1|1|1|1|1|1|1|1|1|1|1|1|1|1|1|1|1|1|1|1|1|1|1|1|1|1|1|1|1|1|1|1,3|1|1|1|1|1|1|1|1|1|1|1|1|1|1|1|1|1|1|1|1|1|1|1|1|1|1|1|1|1|1|1|1|1|1|1|1|1,3|1|1|1|1|1|1|1|1|1|1|1|1|1|1|1|1|1|1|1|1|1|1|1|1|1|1|1|1|1|1|1|1|1|1|1|1|1,3|1|1|1|1|1|1|1|1|1|1|1|1|1|1|1|1|1|1|1|1|1|1|1|1|1|1|1|1|1|1|1|1|1|1|1|1|1,3|1|1|1|1|1|1|1|1|1|1|1|1|1|1|1|1|1|1|1|1|1|1|1|1|1|1|1|1|1|1|1|1|1|1|1|1|1,3|1|1|1|1|1|1|1|1|1,3|1,3|1,3|1|1|1|1|1|1,3|1,3|1,3|1|1,3|1,3|1,3|1|1|1|1|1|1|1|1|1|1|1|1|1|1,3|1|1|1|1|1|1|1,3|1,3|1,3|1|1,3|1,3|1|1,3|1,3|1,3|1,3|1|1,3|1|1,3|1|1,3|1|1|1|1|1|1|1|1|1|1|1|1|1|1,3|1|1|1|1|1|1|1,3|1|1|1|1|1,3|1|1,3|1|1|1|1|1,3|1,3|1,3|1|1,3|1|1|1|1|1|1|1|1|1|1|1|1|1|1,3|1,3|1,3|1,3|1,3|1,3|1,3|1,3|1,3|1,3|1,3|1|1,3|1|1,3|1|1|1|1|1|1|1|1|1,3|1|1|1|1|1|1|1|1|1|1|1|1|1|1|1|1|1|1|1|1|1,3|1|1|1,3|1|1,3|1|1,3|1|1,3|1,3|1,3|1,3|1,3|1,3|1,3|1,3|1,3|1,3|1,3|1|1|1|1|1|1|1|1|1|1|1|1|1|1|1|1|1|1,3|1|1|1,3|1|1,3|1|1,3|1|1,3|1|1|1|1|1|1|1,3|1|1|1,3|1,3|1,3|1|1|1|1|1|1|1|1|1|1|1|1|1|1,3|1,3|1,3|1|1|1,3|1|1,3|1,3|1,3|1|4,3,6|1|1|1|1|1|1|1,3|1,3|1,3|1|1|1,3|1|1|1|1|1|1|1|1|1|1,3|1,3|1,3|1|1,3|1|1|1|1|4,3,6|1|1|1|1|1|0,6|1|1|1|1|0,6|0,6|1|1|1,3|1,3|1,3|1,3|1,3|1,3|1|1|1|1|1|1|1|1,3|1|1,3|1|1,3|1|1|1|1|0,6|1|1|0,6|0,6|1|0,6|1|1|1|0,6|0,6|0,6|3,6|0,6|1|1|1|1,3|1|1,3|1|1,3|1,3|1,3|1|1|1,3|1,3|1|1,3|1,3|1,3|1|1|1|0,6|0,6|3,6|0,6|0,6|0,1,6|0,1,6|0,1,6|1|0,6|0,6|0,6|0,6|0,6|3,6|0,6|0,6|0,6|1|4,3,6|1|1,3|1,3|1,3|1|1,3|1|1|1,3|1|1|1|1|1|0,6|0,6|0,6|0,6|0,6|3,6|0,6|0,6|0,6|0,6|0,6|0,6|0,6|0,6|0,1,6|0,1,6|0,1,6|3,1,6|0,1,6|0,1,6|0,1,6|1|0,6|1|1|1|1|1|1,3|1|1|1,3|1|0,6|0,6|0,6|0,6|0|0|0|0|0|0|0|0|0,6|0,6|0,6|0,6|0,6|0,6|0,6|0,6|0,6|0,6|0,6|0,6|0,6|0,6|0,6|0,6|1|0,6|0,6|0,6|1,3|1|1|1,3|0,6|0,6|0,6|0,6|0,6|0|0|0|0|0|0|0|0|0,6|0,6|0,6|0,6|0|0|0|0|0|0,6|0,6|0,6|0,6|0,6|0,6|0,6|0,6|0,6|0,6|0,6|1,3|1|1|1,3|1|1|0,6|0,6|0,6|0,6|0,6|0,6|0|0|0|0|0|0|0|0|0|0|0|0|0|0|0|0|0|0|0,6|0,6|0,6|0,6|1|1|1|1,3|1|1|1,3|0,6|0,6|0,6|0,6|0,6|0,6|0|0|0|0|0|0|0|0|0|0|0|0|0|0|0,6|0|0|0|0|0,6|0,6|0,6|0,6|0,6|0,6|1|1|1,3|1|1|1,3|1|0,6|0,6|0,6|0,6|0,6|0,6|0,6|0,6|0,6|0,6|0|0|0|0,6|0,6|0,6|0,6|0,6|0,6|0,6|0,1,6|0,1,6|0,1,6|0,1,6|0,1,6|1|0,6|0,6|0,6|0,6|0,6|0,6|1,3|1|1|1,3|1,3|1|1|1|0,6|0,6|0,6|0,6|0,6|0,6|0,6|0,6|0,6|0,6|0,1,6|0,1,6|1|0,6|0,6|0,6|0,6|0,6|0,6|0,6|0,6|1|1|0,6|0,3,6|0,3,6|0,3,6|0,3,6|1,3|1,3|1|1|1|1,3|1|1,3|1,3|1,3|1|1|1|1|1|1|0,6|0,6|0,6|0,6|0,6|1|0,3,6|0,3,6|0,3,6|1,3|1,3|1,3|1|1,3|1,3|1,3|1,3|1,3|1|0,6|1|1|1|1|1|1,3|1,3|1|1,3|1|1,3|1|1|1|1|0,6|1|0,6|0,6|1|1|0,6|1|1,3|1|1|1|1|1,3|1|1,3|1|1|1|1|1|4,3,6|1|1|1|1|1|1,3|1|1|1,3|1|1,3|1|1|1|1|4,3,6|1|1|0,6|1|1|4,3,6|1|1,3|1|1,3|1,3|1,3|1,3|1,3|1,3|1,3|1,3|1|1|1|1,3|1|1|1|1|1|1,3|1,3|1,3|1,3|1|1,3|1|1|1|1|1,3|1|1|4,3,6|1|1|1,3|1|1,3|1|1,3|1|1|1,3|1|1,3|1|1,3|1,3|1|1|1,3|1|1|1|1|1|1|1|1|1|1|1,3|1|1|1,3|1,3|1,3|1|1|1,3|1|1|1,3|1|1,3|1|1,3|1|1|1,3|1|1,3|1|1|1,3|1,3|1,3|1,3|1|1|1|1|1|1|1,3|1,3|1,3|1,3|1,3|1|1|1,3|1|1|1|1,3|1,3|1|1|1,3|1,3|1,3|1,3|1,3|1|1|1,3|1|1,3|1,3|1|1|1|1|1|1|1|1|1|1|1|1,3|1|1|1|1|1|1|1,3|1,3|1,3|1|1,3|1|1|1|1|1|1,3|1|1|1|1|1,3|1|1|1,3|1,3|1,3|1|1|1|1|1|1|1|1|1|1,3|1,3|1|1,3|1,3|1,3|1|1|1|1,3|1|1,3|1,3|1,3|1|1|1|1,3|1,3|1,3|1|1|1,3|1,3|1|1|1|1,3|1|1|1|1|1|1|1|1|1|1|1,3|1,3|1,3|1|1,3|1,3|1|1|1,3|1|1|1|1,3|1|1|1|1|1|1,3|1|1|1|1,3|1,3|1,3|1,3|1,3|1|1|1|1|1|1|1|1|1|1|1|1|1|1|1|1,3|1,3|1,3|1,3|1|1,3|1,3|1,3|1|1,3|1,3|1,3|1|1,3|1,3|1,3|1|1|1|1|1|1|1|1|1|1|1|1|1|1|1|1|1|1|1|1|1|1|1|1|1|1|1,3|1|1|1|1,3|1|1,3|1|1|1|1,3|1|1|1|1|1|1|1|1|1|1|1|1|1|1|1|1|1|1|1|1|1|1|1|1|1|1|1,3|1,3|1,3|1|1,3|1|1,3|1,3|1,3|1,3|1,3|1|1|1|1|1|1|1|1|1|1|1|1|1|1|1|1|1|1|1|1|1|1|1|1|1|1|1|1|1,3|1,3|1,3|1|1|1|1|1|1|1|1|1|1|1|1|1|1|1|1|1|1|1|1|1|1|1|1|1|1|1|1|1|1|1|1|1|1|1|1|1|1|1|1|1|1|1|1|1|1|1|1|1|1|1|1|1|1|1|1|1|1|1|1|1|1|1|1|1|1|1|1|1|1|1|1|1|1|1|1|1|1|1|1|1|1|1|1|1|1|1|1|1|1|1|1|1|1|1|1|1|1|1|1|1|1|1|1|1|1|1|1|1|1|1|1|1|1|1|1|1|1|1|1|1|1|1|1|1|1|1|1|1|1|1|1|1|1|1|1|1|1|1|1|1|1|1|1|1|1|1|1|1|1|1|1|1|1|1|1|1|1|1|1|1|1|1|1|1|1|1|1|1|1|1|1|1|1|1|1|1|1|1|1|1|1|1|1|1|1|1|1|1|1|1|1|1|1|1|1|1|1|1|1|1|1|1|1|1|1|1|1|1|1|1|1|1|1|1|1|1|1|1|1|1|1|1|1|1|1|1|1|1|1|1|1|1|1|1|1|1|1|1|1|1|1|1|1|1|1|1|1|1|1|1|1|1|1|1|1|1|1|1|1|1|1|1|1|1|1|1|1|1|1|1|1|1|1|1|1|1|1|1|1|1|1|1|1|1|1|1|1|1|1|1|1|1|1|1|1|1|1|1|1|1|1|1|1|1|1|1|1|1|1|1|1|1|1|1|1|1|1|1|1|1|1|1|1|1|1|1|1|1|1|1|1|1|1|1|1|1|1|1|1|1|1|1|1|1|1|1|1|1|1|1|1|1|1|1|1|1|1|1|1|1|1|1|1|1|1|1|1|1|1|1|1|1|1|1|1|1|1|1|1|1|1|1|1|1|1|1|1|1|1|1|1|1|1|1|1|1|1|1|1|1|1|1|1|1|1|1|1|1|1|1|1|1|1|1|1|1|1|1|1|1|1|1|1|1|1|
camera angles:0,0;0,0;0,0;0,0
