RainIntensity: 0.6086956
Clouds: 0.02173913
Effects: SkyAndLightBloom-0.1413043-24-18, DayNight-0.862862-32-116, 
PlacedObjects: LightSource><530.4896><62.69971><0.09782609~Environment~-215~212~50~86.60254~1~1~None~0~0, BrokenShelterWaterLevel><534.4408><28.93973><, DayNightSettings><2498.714><315.8033><5~8.660254~3~46, 
FadePalette: 3, 0.5434783
