Template: NONE
DangerType: Blizzard
CeilingDrips: 0
WaveSpeed: 0.5035809
WaveLength: 0.9891357
WaveAmplitude: 0.005718523
SecondWaveLength: 1
SecondWaveAmplitude: 0.0001
Clouds: 0.2391304
Grime: 0
BkgDroneVolume: 0
Palette: 198
EffectColorA: 0
EffectColorB: 6
Effects: Coldness-0.3043478-20-20, 
AmbientSounds: OMNI><AM_SUB-CaveTone.ogg><829.3027><640.0327><0.4021739><1, OMNI><AM_SUB-BlankState.ogg><655.7799><638.9478><0.3152174><1, 
FadePalette: 10, 0.6086956
WetTerrain: OFF
