Template: NONE
Clouds: 0.2065217
Grime: 0.3043478
Palette: 98
EffectColorA: 18
EffectColorB: 6
Effects: ReplaceEffectColorB-0.1521739-20-20-Color-0.3152174-0.3152174-0.08695652, 
AmbientSounds: OMNI><AM_ENV-Outside.ogg><40.19983><520.2425><0.5><1, OMNI><AM_ENV-WindGrass.ogg><36.05103><441.0566><0.5><1, OMNI><AM_ENV-LightWind.ogg><29.21796><366.8026><0.2608696><1, SPOT><AM_ENV-NatWind.ogg><718.0822><492.3588><0.1847826><1><917.0822><595.3588><-143.3553><-115.3553><0><0.2304349, 
FadePalette: 5, 0.5, 0.5
