Template: XM_SettingsTemplate_Outside
DangerType: Blizzard
CeilingDrips: 0
RainIntensity: 0.8260869
RumbleIntensity: 0.4673913
WaveSpeed: 0.4893559
WaveLength: 0.994678
WaveAmplitude: 6.248258E-10
SecondWaveLength: 1
SecondWaveAmplitude: 0.0001
Clouds: 0.4891304
Palette: 198
EffectColorA: 13
Effects: Fog-0.4673913-20-20, 
PlacedObjects: CustomDecal><750.4144><79.11386><-7~127~141~139~124~-67~-745~-28~0~1~0.25~Rust1~0.1195652~0.4673913~0.1304348~0.2282609~0.09782609~0.7173913~0.1847826~0.5108696, SnowSource><621.4899><441.1998><Radial~144~266~50~86.60254~0.7391304~0.4456522, SnowSource><965.8147><307.0754><Radial~-17~159~-125~-7.397461~0.4347826~0.3913043, SnowSource><682.2336><30.69933><Radial~137~115~50~86.60254~0.423913~0.5108696, SnowSource><579.2><937.5032><Radial~-171~-223~-380~-103.3975~0.7065217~0.5108696, SnowSource><654.1433><1339.081><Radial~288~-140~-259~-291.3975~0.6630435~0.5652174, SnowSource><710.9074><1824.127><Radial~-133~296~-497~10.60254~0.6304348~0.4130435, SnowSource><593.1736><2194.651><Radial~-251~-141~-426~-168.3975~0.7065217~0.423913, SnowSource><858.5757><2615.315><Radial~-356~501~-186~-264.3975~0.8695652~0.6304348, SnowSource><613.2592><3277.55><Radial~-173~480~50~86.60254~0.7391304~0.5217391, SnowSource><550.6973><3791.467><Radial~-154~-311~-444~-276.3975~0.5760869~0.4673913, SnowSource><696.357><3945.36><Radial~-434~231~-497~-105.3975~0.6413044~0.6195652, SnowSource><392.5836><4195.889><Radial~119~189~-281~53.60254~0.2391304~0.3369565, 
AmbientSounds: OMNI><AM_ENV-WallHum.ogg><842.2652><569.1995><0.3152174><0.9413043, SPOT><SO_IND-MechHum01.ogg><274.1061><243.8611><0.3695652><1><284.1061><3497.861><-118.3553><-43.35535><0><0.1, SPOT><SO_IND-HeatDuct.ogg><277.9394><369.4357><0.3478261><0.9217392><241.9394><4106.436><-92.35535><-41.35535><0><0.1869567, SPOT><Basic Mech.wav><279.5767><494.0999><0.2717391><1><-63.42328><4199.1><125.6447><-93.35535><0><0.2304349, SPOT><SO_IND-HVAC.ogg><262.5873><113.3201><0.4347826><1><86.58734><266.3201><-120.3553><58.64465><0><0.252174, SPOT><SO_IND-HVAC.ogg><441.8052><115.9544><0.5><1><313.8052><1043.954><-35.35534><-35.35534><0><0.1, SPOT><SO_IND-WinFan.ogg><460.9345><243.811><0.4456522><0.9217392><456.9345><1811.811><-93.35535><9.644653><0><0.1760871, SPOT><SO_IND-HVAC.ogg><619.7866><112.3034><0.5><1><199.7866><2138.303><-35.35534><-35.35534><0><0.1, SPOT><AM_IND-Utility03.ogg><714.6688><446.3927><0.5><0.276087><-2.331238><3217.393><106.6447><-36.35535><0><0.2630436, SPOT><Basic Mech.ogg><806.4074><199.6266><0.4347826><0.823913><-63.59259><3248.627><74.64465><-57.35535><0><0.3065219, 
FadePalette: 105, 0, 0, 0.01086957, 0.0326087, 0.05434782, 0.08695652
WetTerrain: OFF
MorePalette0: 12, 0.173913, 0.09782609, 0.04347826, 0.01086957, 0, 0
