Template: NONE
DangerType: Blizzard
CeilingDrips: 0
RainIntensity: 1
RumbleIntensity: 0.6413044
WaveSpeed: 0.8388138
WaveLength: 0.8305931
WaveAmplitude: 3.0486E-06
SecondWaveLength: 1
SecondWaveAmplitude: 0.0001
Clouds: 0.07608695
Grime: 0.1086956
Palette: 198
EffectColorA: 18
EffectColorB: 6
Effects: ReplaceEffectColorB-0.1630435-308-180-Color-0.9130435-0.75-0.6195652, Fog-0.3043478-327-15, Flies-0.04347826-19-78, TinyDragonFly-0.07608695-20-20, RockFlea-0.1086956-306-84, 
PlacedObjects: LightSource><377.4223><1260.448><0.1282621~EffectColor1~-45~51~-373.1996~-118.8065~1~0~None~0~0, LightSource><1136.976><1304.199><0.06521739~Environment~-1439~-786~-1087.985~-304.0399~1~1~None~0~0, LightSource><1978.044><1429.515><0.04347826~Environment~1288~-576~-236.9986~-240.4022~1~1~None~0~0, SnowSource><750.4917><1342.705><Radial~296~55~-0.9824219~86.59692~0.543457~0.3913243, SnowSource><1188.215><586.7177><Radial~270~111~50~86.60254~1~0, SnowSource><903.742><664.5596><Radial~156~53~50~86.60254~0.4238271~0.5976162, SnowSource><1691.83><1188.803><Radial~555~95~-210.243~14.34021~0.7502674~0.25, SnowSource><2883.154><1391.571><Radial~672~83~-292~-116.3975~0.5434783~0.3152174, SnowSource><1964.812><957.0591><None~409~13~50~86.60254~0.2503941~0.4782609, SnowSource><3318.711><1228.305><Radial~502~77~-196.9436~-239.4662~0.695968~0.2674561, SnowSource><4134.46><1245.451><Radial~-249~-167~-768.9551~-168.3068~0.6414105~0.6248991, SnowSource><4459.853><888.4169><Radial~-130~61~-405~21.60254~0.7060282~0.3260817, SnowSource><4273.827><1184.015><Radial~243~75~-159~78.60254~0.3862676~0.1413548, SnowSource><4841.939><1402.998><Radial~-211~-299~-160.9436~-250.2092~0.6195652~0.3804348, SnowSource><4976.465><1388.127><Radial~99~113~72~-88.39746~0.1195652~0.07608695, SnowSource><4918.644><822.0799><None~-178~122~-834~195.6025~0.1086956~0, SnowSource><735.8167><425.3299><Radial~67~17~-369~-60.39746~0.4130435~0.1630435, SnowSource><830.9331><479.8264><Radial~87~49~27~-89.39746~0.3043478~0.08695652, CustomDecal><1648.749><614.95><-248~914~1005~886~871~92~-411~163~0~1~0~blackrust1~0.4207259~1~0.1518992~1~0.3257838~1~0.1518992~1, SnowSource><3908.702><1257.055><Radial~289~177~99~-142.3975~0.7608696~0.4782609, SnowSource><2777.132><990.1003><Radial~275~91~-355~-30.39746~0.3695652~0.3586957, SnowSource><2890.979><748.3014><Strip~83~9~50~86.60254~1~0, SnowSource><2678.809><833.1925><Radial~103~86~50~86.60254~0.6086956~0.1413043, SnowSource><2450.328><799.9342><Radial~0~100~-16~37.60254~0.6956522~0.2282609, SnowSource><910.2874><1005.56><Radial~-240~197~50~86.60254~0.4456535~0.336934, SnowSource><4672.197><911.2169><Radial~-43~157~-544~-53.39746~0.4673913~0.3478261, SnowSource><4628.807><1156.948><Radial~136~147~50~86.60254~0.6086956~0.5760869, LightSource><1422.592><1418.409><0.1086956~Environment~1638~-764~28.00165~-451.3975~1~1~None~0~0, LightSource><2986.399><1384.173><0.05435048~Environment~-1562~-800~-420~-214.3975~1~1~None~0~0, LightSource><3528.2><1386.158><0.09235416~Environment~590~-193~9.998047~-142.3497~1~1~None~0~0, LightSource><4492.314><1392.694><0.1195732~Environment~1013~-283~19~-302.3975~1~1~None~0~0, SnowSource><3386.407><841.9906><Radial~231~174~-71.99805~-145.4001~0.3587832~0.2717391, 
FadePalette: 10, 0.3804348, 0.2608696, 0.1956522, 0.173913, 0.1847826, 0.25, 0.2934783
WetTerrain: OFF
