Template: NONE
DangerType: None
CeilingDrips: 0
RainIntensity: 0.8586956
RumbleIntensity: 0.6304348
WaveSpeed: 0.51
WaveLength: 1
WaveAmplitude: 0.0001
SecondWaveLength: 1
SecondWaveAmplitude: 0.0001
Clouds: 0.4021739
Grime: 0.1086956
Palette: 198
EffectColorA: 6
EffectColorB: 6
Effects: ReplaceEffectColorB-0.1195652-308-180-Color-0.2934783-0.25-0.173913, Fog-0.1086956-327-15, Flies-0.04347826-19-78, RockFlea-0.1195652-20-20, 
PlacedObjects: CustomDecal><1546.574><250.3456><-9~674~1328~680~1316~-6~-278~115~0.3043478~0.6521739~0.173913~zGWMarks - C05b~0.1195652~0.7826087~0~0.7826087~0.1413043~0.7826087~0.04347826~0.7826087, CustomDecal><1806.449><291.9788><0~51~50~64~57~16~-677~-261~0.1413043~0.5543478~0.1956522~ScavMark Arrow~0.06521739~0.7934783~0.1413043~0.7934783~0.0326087~0.7934783~0.1086956~0.7934783, CustomDecal><2194.497><350.95><-6~85~583~146~593~55~-1183~14~0.1630435~1~0~Scav Wedges2~0.2173913~0.7934783~0.2717391~0.7934783~0~0.7934783~0~0.7934783, CustomDecal><2533.062><502.1834><265~83~313~-216~54~-233~-386~-208~0.2934783~1~0.1630435~ScavMark BigSun~0~0.7717391~0.02173913~0.7717391~0.1847826~0.7717391~0~0.7717391, CustomDecal><473.8654><445.6021><-7~62~36~78~67~34~-518~-113~0.1413043~1~0.2717391~ScavMark Arrow~0.09782609~1~0.2282609~1~0.1847826~1~0.05434782~1, LightSource><1779.84><382.5714><0.0326087~Environment~-506~353~-308~-251.3975~1~1~None~0~0, LanternOnStick><2816.31><408.9408><-69~-61, CustomDecal><1767.952><477.9442><-1~53~186~41~190~-5~-939~-174~0~1~0.2173913~ScavMark_TM1~0~0.7826087~0.05434782~0.7826087~0~0.7826087~0.09782609~0.7826087, DangleFruit><1729.015><465.5506><-135~159~2~3, DangleFruit><1819.507><403.1999><-223~126~2~3, 
AmbientSounds: OMNI><Deep Weird Wind.wav><742.3224><419.3136><0.06521739><0.4326087, OMNI><SO_WAT-LilDrips.ogg><749.6999><322.7567><0.1195652><1, OMNI><AM_ENV-Outside.ogg><741.9398><495.3129><0.2065217><0.9804348, OMNI><AM_SUB-CaveTone.ogg><710.1996><253.0114><0.25><1, SPOT><AM_ENV-Pasture.ogg><390.9467><417.9635><0.4347827><1><1829.947><701.9635><-248.3553><35.64465><0><0.9478269, SPOT><AM_ENV-NatWind.ogg><415.9777><265.5513><0.1086957><1><1913.978><342.5513><-1235.355><-178.3553><0><0.5891311, 
FadePalette: 10, 0.7282609, 0.8695652, 0.7282609
WetTerrain: OFF
