Template: NONE
DangerType: Blizzard
CeilingDrips: 0
RainIntensity: 1
RumbleIntensity: 0.6413044
WaveSpeed: 0.4783702
WaveLength: 0.9891851
WaveAmplitude: 7.448818E-10
SecondWaveLength: 1
SecondWaveAmplitude: 0.0001
Clouds: 0.07608695
Grime: 0.1086956
Palette: 198
EffectColorA: 18
EffectColorB: 6
Effects: ReplaceEffectColorB-0.1630435-308-180-Color-0.9130435-0.75-0.6195652, Fog-0.3043478-327-15, Flies-0.04347826-19-78, RockFlea-0.1086956-306-84, 
PlacedObjects: LightSource><2918.156><1662.139><0.1304348~Environment~1326~-466~0.9978027~-203.3986~1~1~None~0~0, SnowSource><3165.751><1353.128><None~-362~143~50~86.60254~0.4129824~0.337007, SnowSource><2493.292><1273.939><Radial~282~279~50~86.60254~1~0.0326087, SnowSource><2699.336><1162.636><Radial~94~136~90~150.6014~0.6630435~0.4456522, SnowSource><2171.861><1194.643><Radial~136~184~50~86.60254~0.4891304~0.2391304, SnowSource><1857.952><1058.889><Radial~-252~197~286~26.60254~1~0.3913057, SnowSource><1341.764><592.8809><None~317~147~50~86.60254~0.4347826~0.5978261, SnowSource><1784.81><498.9409><Radial~-47~154~50~86.60254~0.9347826~0.3043478, SnowSource><2051.368><370.1194><Radial~-91~203~50~86.60254~0.4565403~0.3475806, SnowSource><1180.48><417.301><None~-234~251~-267~55.60257~0.3478261~0.4130435, SnowSource><648.5598><509.0591><None~294~199~50~86.60254~0.3913043~0.3913043, SnowSource><660.1996><303.0121><None~193~192~50~86.60254~0.1956522~0.3913043, SnowSource><305.2871><339.0535><Radial~146~173~50~86.60254~0.4021739~0.4456522, SnowSource><170.6547><453.6233><Radial~40~218~50~86.60254~0.5760869~0.4347826, SnowSource><670.4548><173.6948><Radial~6~88~454.2363~157.6031~0.4130435~0.3804348, LightSource><1418.14><1540.543><0.1630435~Environment~1639~-843~72.99231~-221.3975~1~1~None~0~0, LightSource><2426.906><1627.648><0.0434358~Environment~1353~-722~-58~-155.3706~1~1~None~0~0, LightSource><4034.069><1655.82><0.1629878~Environment~-1279~-656~-579~-80.39746~1~1~None~0~0, LightSource><4425.37><954.977><0.07817011~Environment~-1016~-646~-404.9841~-227.4205~1~1~None~0~0, LightSource><1273.076><743.9876><0.05434782~Environment~1377~-454~67~-180.3975~1~1~None~0~0, LightSource><408.3821><653.2876><0.02795875~Environment~1051~-409~2.019318~-85.36609~1~1~None~0~0, SnowSource><5686.747><717.3649><Radial~6~235~-264.7041~128.6076~0.6813647~0.2165315, SnowSource><5813.226><1024.907><Radial~-75~265~50~86.60254~0.6413044~0.1413043, SnowSource><6284.895><1155.935><Radial~-241~-272~-212.2827~-285.8829~0.6086956~0.3586957, SnowSource><6541.65><1131.885><Radial~-192~-5~-316~-171.3975~0.3151749~0.173913, SnowSource><5360.055><937.3056><Radial~89~311~50~86.60254~0.9130435~0.3369565, SnowSource><5004.699><777.0773><Radial~-113~224~-297~57.60254~0.5320089~0.3369565, SnowSource><5081.526><860.4988><Radial~-13~18~50~86.60254~0.6847826~0.3369565, SnowSource><4841.777><722.3064><Radial~-102~318~-144~-95.39746~0.7717391~0.3804348, SnowSource><4494.833><649.185><Radial~55~347~50~86.60254~0.9021739~0.3695652, SnowSource><3957.822><532.1866><Radial~-130~227~50~86.60254~0.7826087~0.2608696, SnowSource><4137.254><452.3><Radial~98~145~50~86.60254~0.5760869~0.3369565, SnowSource><4089.938><867.0679><Radial~-182~259~112~-144.3975~0.8260869~0.4456522, SnowSource><3657.269><1254.228><Radial~32~285~50~86.60254~0.7066385~0.2933641, SnowSource><408.6179><201.103><Radial~40~133~-52.99799~90.60254~0.4130548~0.413004, SnowSource><2152.929><776.832><Radial~-62~-59~46~-141.3975~0.4347826~0.2608696, NoSpearStickZone><5975.56><1092.04><0~100, NoSpearStickZone><266.9955><332.9064><0~100, 
FadePalette: 10, 0, 0, 0, 0.06521739, 0.2065217, 0.09782609, 0.05434782, 0, 0
WetTerrain: OFF
