Clouds: 0.25
Grime: 0.1898097
BkgDroneVolume: 0.2608696
Palette: 2
EffectColorA: 10
EffectColorB: 13
Effects: Flies-0.173913-27-74, AboveCloudsView-1-20-20, CloudAdjustment-0.2397308-307.4688-23.59687, 
PlacedObjects: InsectGroup><994.7548><1289.595><-103.1616~196.0468~0~0~RedSwarmer~0.5, DandelionPatch><617.9622><972.9146><0~100, DandelionPatch><1015.173><944.037><9.248962~144.0889, DandelionPeach><633.3257><1013.447><91.7782~31.28889~2~3, DandelionPeach><584.1097><1051.513><60.474~83.20001~2~3, CustomDecal><1379.319><233.6988><-64.74274~675.7333~474.701~675.0222~433.4365~206.9333~-357.1521~83.20001~0~1~0~rustb2~0.2370698~0.3943953~0.5~0.3943953~0.2757359~0.3943953~0.7706637~0.3943953, CustomDecal><710.2295><156.9308><17.78638~387.7333~501.7365~374.9333~500.3135~-17.77778~2.134338~28.44449~0.162398~1~0~rustb2~0.5~0.6495925~0.7474637~0.6495925~0.4613342~0.6495925~0.3221349~0.6495925, CustomDecal><362.076><180.8056><-5.691711~262.5778~134.624~273.9555~142.45~-1.422218~-350.0375~30.57779~0.2319973~1~0~rustb2~0.6520044~0.5490603~0.4664064~0.5490603~0.4896061~0.5490603~0.2498753~0.5490603, CustomDecal><241.3813><367.4181><-189.2479~590.3999~537.3094~633.0667~418.4959~17.06667~-328.6937~679.2881~0~0.6597373~0~rustb2~0.4304007~0.4949274~0~0.4949274~0.592799~0.4949274~0.2525363~0.4949274, DandelionPatch><1808.276><965.5626><2.845825~83.64445, 
AmbientSounds: SPOT><AM_IND-ElectricHum01.ogg><491.0534><115.1616><0.3994678><1.04176><1561.487><1675.13><-26.81775><-14.72305><0><0.1695988, SPOT><SO_IND-Generator.ogg><232.4295><53.71574><0.3144027><1><1009.396><598.8><-151.323><-51.71887><0><0.2005323, SPOT><AM_ENV-LightWind.ogg><377.9175><492.9628><0.5773326><1><1131.04><1901.471><-380.4127><-289.3459><0><0.5949276, SPOT><AM_WIN-HowlingWnd.ogg><564.6232><439.4676><0.2834692><0.6520045><1572.448><2285.522><-220.3346><-169.8209><0><0.4093296, 
FadePalette: 18, 0.3891986, 0.3814651, 0.2577332, 0.25, 0.3273325, 0.3273324
