Template: NONE
RainIntensity: 0.6739131
RumbleIntensity: 0.75
Clouds: 0.2173913
Grime: 0.09782609
Palette: 19
EffectColorA: 3
EffectColorB: 13
Effects: Fog-0.2391304-20-20, Flies-0.05434782-21-75, 
PlacedObjects: LightSource><1666.63><1593.84><0.1086956~Environment~437~-691~-202~-264.3975~1~1~None~0~0, LightSource><1588.805><1196.661><0.07608695~Environment~-216~303~50~86.60254~1~1~None~0~0, LightSource><2329.058><723.942><0.01086957~Environment~-35~225~-204.0865~59.85566~1~1~None~0~0, CustomDecal><1957.558><899.3548><-3~243~764~197~730~-17~-139~-16~0.3152174~1~0~BoneType~0.173913~0.8913044~0.4673913~0.3586957~0.2391304~0~0.5326087~0.3586957, CustomDecal><1137.667><885.8623><11~204~594~240~636~-12~118~234~0.3043478~1~0~GhostGraffiti~0.173913~0.25~0.4021739~0.6304348~0.5108696~1~0.3586957~0.6304348, CustomDecal><1064.657><1019.615><-92.7312~-4.288513~-84.57703~-73.40311~2~-60~-447~133~0~0.1521739~0.4782609~UWshelter~0.6847826~0.8152174~0.6413044~0.8152174~0.8260869~0.8152174~0.6630435~0.8152174, CustomDecal><446.3215><885.6431><-14~181~640.5178~199.2292~654.9405~6.000023~-430~-47~0~1~0.326087~SquidSoup(B&W)~0.3478261~0.9130435~0.2282609~0.5~0.173913~0.8695652~0.4673913~0.5326087, LightSource><1573.937><873.6807><0.08747731~Environment~834.5407~-202.3698~-83.75418~-289.0475~1~1~None~0~0, 
AmbientSounds: OMNI><AM_ENV-LightWind.ogg><170.8661><3.412781><0.2826087><0.9021739, OMNI><AM_IND-Utility01.ogg><358.1303><3.089813><0.4456522><0.9413043, OMNI><AM_ENV-WallHum.ogg><542.9191><3.182892><0.6521739><0.276087, SPOT><AM_ENV-LightWind.ogg><843.4232><138.3153><0.4130435><1><3195.423><851.3153><-35.35534><-35.35534><0><0.6217393, SPOT><AM_ENV-LightWind.ogg><653.5502><129.5078><0.3586957><1><65.55017><627.5078><-35.35534><-35.35534><0><0.6108697, SPOT><SO_IND-HeatDuct.ogg><354.8906><110.1078><0.3586957><1><1378.891><1064.108><-32.35535><-32.35535><0><0.1, SPOT><am_ind-electrichum03.ogg><757.6716><370.5778><0.3453349><0.6937633><1582.103><689.1414><-60.25641><-69.50537><0><0.1, 
FadePalette: 2, 0.5434783, 0.5978261, 0.5326087, 0.7203125, 0.6739131, 0.6739131
MorePalette0: 8, 0, 0, 0, 0.3711946
